offset:
  head_p: 0
  head_y: 0
  l_arm_el_y: 0
  l_arm_grip: 0
  l_arm_sh_p1: 0
  l_arm_sh_p2: 0
  l_arm_sh_r: 0
  l_arm_wr_p: 0
  l_arm_wr_r: 0
  l_arm_wr_y: 0
  l_leg_an_p: 0.01047197551196598
  l_leg_an_r: 0.005235987755982988
  l_leg_hip_p: -0.002617993877991496
  l_leg_hip_r: -0.01658062789394613
  l_leg_hip_y: -0.008726646259971646
  l_leg_kn_p: 0.002617993877991495
  r_arm_el_y: 0
  r_arm_grip: 0
  r_arm_sh_p1: 0
  r_arm_sh_p2: 0
  r_arm_sh_r: 0
  r_arm_wr_p: 0
  r_arm_wr_r: 0
  r_arm_wr_y: 0
  r_leg_an_p: 0.008726646259971646
  r_leg_an_r: 0.01047197551196598
  r_leg_hip_p: 0.004363323129985824
  r_leg_hip_r: 0.01919862177193763
  r_leg_hip_y: 0.002617993877991494
  r_leg_kn_p: 0.01221730476396031
  torso_y: 0
init_pose_for_offset_tuner:
  head_p: 0
  head_y: 0
  l_arm_el_y: -1.570796326794897
  l_arm_grip: 0
  l_arm_sh_p1: 0
  l_arm_sh_p2: 0
  l_arm_sh_r: 0
  l_arm_wr_p: 0
  l_arm_wr_r: 0
  l_arm_wr_y: 0
  l_leg_an_p: -0.1047197551196598
  l_leg_an_r: 0
  l_leg_hip_p: 0.1047197551196598
  l_leg_hip_r: 0
  l_leg_hip_y: 0
  l_leg_kn_p: 0.1570796326794897
  r_arm_el_y: 1.570796326794897
  r_arm_grip: 0
  r_arm_sh_p1: 0
  r_arm_sh_p2: 0
  r_arm_sh_r: 0
  r_arm_wr_p: 0
  r_arm_wr_r: 0
  r_arm_wr_y: 0
  r_leg_an_p: 0.1047197551196598
  r_leg_an_r: 0
  r_leg_hip_p: -0.1047197551196598
  r_leg_hip_r: 0
  r_leg_hip_y: 0
  r_leg_kn_p: -0.1570796326794897
  torso_y: 0
