offset:
  head_p: 0
  head_y: 0
  l_arm_el_y: 0
  l_arm_grip: 0
  l_arm_sh_p1: 0
  l_arm_sh_p2: 0
  l_arm_sh_r: 0
  l_arm_wr_p: 0
  l_arm_wr_r: 0
  l_arm_wr_y: 0
  l_leg_an_p: 0.02617993877991495
  l_leg_an_r: 0.008726646259971644
  l_leg_hip_p: -0.01221730476396031
  l_leg_hip_r: -0.0174532925199433
  l_leg_hip_y: -0.01047197551196598
  l_leg_kn_p: 0.003490658503988659
  r_arm_el_y: 0
  r_arm_grip: 0
  r_arm_sh_p1: 0
  r_arm_sh_p2: 0
  r_arm_sh_r: 0
  r_arm_wr_p: 0
  r_arm_wr_r: 0
  r_arm_wr_y: 0
  r_leg_an_p: -0.0174532925199433
  r_leg_an_r: 0.005235987755982988
  r_leg_hip_p: 0.0174532925199433
  r_leg_hip_r: -0.008726646259971644
  r_leg_hip_y: -0.02094395102393196
  r_leg_kn_p: 0
  torso_y: 0
init_pose_for_offset_tuner:
  head_p: 0
  head_y: 0
  l_arm_el_y: -1.570796326794897
  l_arm_grip: 0
  l_arm_sh_p1: 0
  l_arm_sh_p2: 0
  l_arm_sh_r: 0
  l_arm_wr_p: 0
  l_arm_wr_r: 0
  l_arm_wr_y: 0
  l_leg_an_p: -0.1047197551196598
  l_leg_an_r: 0
  l_leg_hip_p: 0.1047197551196598
  l_leg_hip_r: 0
  l_leg_hip_y: 0
  l_leg_kn_p: 0.1570796326794897
  r_arm_el_y: 1.570796326794897
  r_arm_grip: 0
  r_arm_sh_p1: 0
  r_arm_sh_p2: 0
  r_arm_sh_r: 0
  r_arm_wr_p: 0
  r_arm_wr_r: 0
  r_arm_wr_y: 0
  r_leg_an_p: 0.1047197551196598
  r_leg_an_r: 0
  r_leg_hip_p: -0.1047197551196598
  r_leg_hip_r: 0
  r_leg_hip_y: 0
  r_leg_kn_p: -0.1570796326794897
  torso_y: 0
